49 50 51 52 53 54 55 56 97 98 99 100 101 102 103 104 49 50 51 52 53 54 55 56 97 98 99 100 101 102 103 104 3 183 118 121 54 129 65 65 87 227 34 37 50 133 69 77 150 217 149 90 160 88 212 27 247 187 246 62 197 62 179 115 32 180 26 252 128 236 206 231 119 87 56 217 178 105 139 170 209 137 182 203 81 101 120 44 38 50 64 245 148 91 203 95 248 150 121 233 169 243 1 197 143 193 65 48 27 154 138 111 96 232 209 70 201 27 208 131 70 218 145 179 93 64 27 220 41 71 87 10 224 92 135 137 166 134 22 58 251 198 13 230 29 144 217 5 253 204 94 140 91 74 72 182 160 140 69 80 98 254 138 229 159 50 212 105 196 120 156 223 100 244 217 143 235 203 249 166 116 249 45 207 176 129 177 16 212 117 104 159 49 50 51 52 53 54 55 56 97 98 99 100 101 102 103 104 131 182 180 115 173 151 250 80 113 225 235 163 93 0 69 65
49 50 51 52 53 54 55 56 97 98 99 100 101 102 103 104 49 50 51 52 53 54 55 56 97 98 99 100 101 102 103 104 3 183 118 121 54 129 65 65 87 227 34 37 50 133 69 77 150 217 149 90 160 88 212 27 247 187 246 62 197 62 179 115 32 180 26 252 128 236 206 231 119 87 56 217 178 105 139 170 209 137 182 203 81 101 120 44 38 50 64 245 148 91 203 95 248 150 121 233 169 243 1 197 143 193 65 48 27 154 138 111 96 232 209 70 201 27 208 131 70 218 145 179 93 64 27 220 41 71 87 10 224 92 135 137 166 134 22 58 251 198 13 230 29 144 217 5 253 204 94 140 91 74 72 182 160 140 69 80 98 254 138 229 159 50 212 105 196 120 156 223 100 244 217 143 235 203 249 166 116 249 45 207 176 129 177 16 212 117 104 159 49 50 51 52 53 54 55 56 97 98 99 100 101 102 103 104
49 50 51 52 53 54 55 56 97 98 99 100 101 102 103 104

49 50 51 52 53 54 55 56 97 98 99 100 101 102 103 104 49 50 51 52 53 54 55 56 97 98 99 100 101 102 103 104 49 50 51 52 53 54 55 56 97 98 99 100 101 102 103 104 131 182 180 115 173 151 250 80 113 225 235 163 93 0 69 65

49 50 51 52 53 54 55 56 97 98 99 100 101 102 103 104
65392825175610104415632231972613810024

131 182 180 115 173 151 250 80 113 225 235 163 93 0 69 65
175077525474769300993287257277182526785

65392825175610104415632231972613810024 65392825175610104415632231972613810024 65392825175610104415632231972613810024 175077525474769300993287257277182526785